Ham : 0.8339738662567256
Spam : 0.1660261337432744
